feature5: -0.24174017603207698
feature19: -0.20697758091216892
feature46: 0.16157623958869216
feature22: 0.15851806812466926
feature31: 0.10000967475201207
feature105: 0.0927112924276868
feature67: -0.09134458392492802
feature35: 0.0907181597107984
feature15: 0.07009911073433983
feature14: 0.06902762171425311
feature27: 0.06635669837464513
feature44: 0.06437433004829111
feature30: 0.06333384964871064
feature33: 0.06032304324431073
feature97: 0.05792563458630565
feature13: 0.05723956707357648
feature59: 0.04975014207956966
feature76: 0.04732845942270319
feature49: 0.04474460536849543
feature91: -0.04150386252226182
feature24: -0.03483921824641561
feature10: -0.0326906371100949
feature6: -0.031287173811869955
feature36: -0.029757330470455864
feature16: -0.028425264501002263
feature41: 0.02777881552025315
feature55: -0.026530169179577283
feature23: -0.02523910477060275
feature98: -0.024976813273619586
feature84: -0.023733686773718468
feature90: -0.02311659716732716
feature86: -0.023024266261384402
feature32: -0.022860101412169473
feature64: 0.021792281724171723
feature82: -0.02038524938647056
feature88: 0.019953933568999927
feature29: -0.018787973941287176
feature81: 0.018780407157531057
feature61: -0.018598316403067562
feature66: -0.018191811711556424
feature72: -0.017444017503119844
feature3: -0.016957334796432518
feature25: -0.016702112244145948
feature58: -0.01648876333359348
feature20: 0.015885581350651802
feature74: -0.015101607917069548
feature73: -0.015083079483572627
feature38: -0.015071492525157073
feature11: 0.014160158761575347
feature54: 0.013950745244390134
feature95: -0.013834634895099205
feature78: 0.013614660900668474
feature52: -0.013602068964353054
feature47: -0.013410628051536883
feature79: -0.013279701131149364
feature104: -0.013235968887023926
feature103: -0.01254269063269074
feature56: 0.01228342074819423
feature87: -0.012119242104183714
feature18: -0.01122748650762237
feature40: -0.011156640609217918
feature17: -0.010886585757703288
feature70: -0.010670932548167773
feature28: -0.01034303454551972
feature12: -0.009753185560045357
feature0: -0.009537213087684645
feature42: -0.009390491518028048
feature101: -0.00928960122294015
feature1: 0.009123443704964674
feature106: -0.009118603347842013
feature93: 0.008908712944289451
feature94: -0.00834310907172798
feature48: -0.008296376274577457
feature34: -0.008274153873902167
feature71: -0.007778428171695241
feature63: -0.007375669434054078
feature50: -0.007077867459114425
feature37: 0.007049031598909389
feature45: -0.0068504825489319994
feature43: -0.006813568060495814
feature53: -0.006325060744131675
feature9: -0.006246630168070418
feature8: -0.0061300528413544535
feature80: 0.005933908897889388
feature92: 0.005867601136846533
feature65: -0.0055659887830912455
feature96: -0.005416845614760808
feature85: -0.005115181816034236
feature69: -0.005037128043662385
feature62: -0.003624334184973365
feature89: 0.0034078320297713568
feature21: -0.0030161005830533004
feature75: 0.00249656399254533
feature4: -0.0024752342006649055
feature26: -0.002194259493069793
feature2: 0.0019281610515813022
feature68: -0.0017375122172548062
feature83: 0.0016193096289275452
feature102: 0.0009864738756825825
feature99: -0.0006601731150217183
feature51: -0.0003817744783802189
feature60: -0.0003001845777283224
feature39: 0.00012895259075767522
feature7: -7.805530601744585e-05
feature57: nan
feature77: nan
feature100: nan
