feature22: 0.4835140900655336
feature5: -0.21106433187909707
feature19: -0.16913191099467237
feature6: -0.12294242457795865
feature10: -0.11108684743555497
feature67: -0.10754629014369536
feature91: -0.09420352553731397
feature24: -0.08159858488511927
feature36: -0.08070063209765156
feature98: -0.07727405400487788
feature16: -0.07520328926734675
feature101: -0.07192433422661569
feature86: -0.07128175264248572
feature55: -0.0712049807054593
feature66: -0.07107820100856589
feature61: -0.0697518008126685
feature84: -0.06911022579352981
feature90: -0.06856273412851861
feature47: -0.06752390177573957
feature82: -0.06718678816144137
feature40: -0.06718322133799383
feature12: -0.06691832198461801
feature18: -0.06601440057809034
feature25: -0.06594680334492718
feature48: -0.06545175415209126
feature39: -0.06522032218765073
feature58: -0.06491006047103198
feature72: -0.0645947019100467
feature79: -0.0639686877459191
feature23: -0.06394666177489634
feature52: -0.06243243325410152
feature62: -0.06193500322749265
feature68: -0.06186755429008753
feature87: -0.06172914926385631
feature50: -0.061666903995463956
feature9: -0.06160782080189376
feature17: -0.06128444213646789
feature94: -0.06036656341126515
feature43: -0.05880889559168482
feature69: -0.05871969336237609
feature26: -0.05827577053215462
feature73: -0.057737101521485104
feature103: -0.057562726434245585
feature42: -0.0572855821433182
feature29: -0.05704394891737184
feature45: -0.05693126983386769
feature96: -0.056659269710323576
feature0: -0.056028139263031
feature95: -0.055842530235389314
feature104: -0.055733076876311766
feature34: -0.05558259750524907
feature74: -0.05499839824452136
feature8: -0.054786455800807494
feature63: -0.053575194646367875
feature37: -0.052973724290530454
feature3: -0.052465535847616915
feature7: -0.05237480605219707
feature70: -0.05230777299988837
feature89: -0.052121544226334436
feature38: -0.052111132806984053
feature51: -0.05171666108019261
feature21: -0.05001949421355511
feature106: -0.050018151525817005
feature28: -0.049792484402213476
feature53: -0.049586899308212404
feature75: -0.0475013832800645
feature4: -0.04719727823346469
feature46: 0.047006116243528316
feature56: -0.04623944346262876
feature83: -0.04445503224437889
feature93: -0.0439693320683976
feature102: -0.04361798981472
feature99: -0.039925530057597164
feature49: 0.03978138549257367
feature81: -0.03895665217833772
feature20: 0.030394378237202015
feature64: 0.029646438540264244
feature76: -0.02960120684360978
feature80: 0.028908531787551105
feature88: 0.02869919875408134
feature13: -0.027184614140159925
feature54: 0.026975089974314456
feature41: -0.026389009672723555
feature11: -0.02562307537290285
feature78: 0.02363372874615065
feature15: 0.023505712616501705
feature59: -0.023050967872240792
feature92: 0.021820230613502318
feature1: 0.021645043335065412
feature31: 0.02151590497485537
feature14: -0.021100925194851423
feature97: -0.0210212619189607
feature33: -0.021003837904578784
feature65: 0.020415911956599316
feature85: -0.015471105901594364
feature2: -0.014860509218887057
feature44: -0.01322375567696848
feature71: -0.01008007847064006
feature60: 0.008086980007110606
feature35: -0.005014070838667355
feature32: -0.0029371429702015994
feature30: -0.0029115063772320363
feature105: -0.0024792594427307476
feature27: 0.0017486007603694901
feature57: nan
feature77: nan
feature100: nan
