feature5: -0.3357922731672542
feature19: -0.27924224098154843
feature46: 0.21947352385502675
feature22: 0.20991489139927352
feature31: 0.1328146691322947
feature105: 0.124284694062826
feature67: -0.12343745582582054
feature35: 0.12115884059425801
feature15: 0.10141729813125859
feature14: 0.09047676650273667
feature27: 0.0883557817579817
feature44: 0.08707289325833494
feature30: 0.08420870403099666
feature33: 0.0780777602206645
feature97: 0.0761159289982263
feature13: 0.07506010519202466
feature59: 0.06579955834521169
feature76: 0.06154255808147874
feature49: 0.05944400854143164
feature91: -0.05560827718432718
feature10: -0.04698840999486837
feature24: -0.046350586525807806
feature6: -0.04014992498614555
feature36: -0.03991227225907661
feature16: -0.038039323693778306
feature41: 0.03717252644487437
feature55: -0.03519719489309039
feature23: -0.03346063722547545
feature98: -0.033155375394678215
feature84: -0.03164777513255911
feature90: -0.030696498422470592
feature86: -0.030682313062650384
feature82: -0.027159694411593435
feature61: -0.025169139697822165
feature32: -0.02516039894560874
feature81: 0.025013809048894425
feature29: -0.02501025985833133
feature66: -0.02447574594119987
feature64: 0.02413703720509899
feature72: -0.02330206579395527
feature3: -0.022430794753402178
feature58: -0.02224651613019896
feature25: -0.022184268969537065
feature88: 0.022062749088416544
feature38: -0.020162725600861412
feature74: -0.02014185088857959
feature73: -0.020075884161536203
feature11: 0.01875080675862519
feature95: -0.018560540817217006
feature52: -0.018051073995161416
feature79: -0.017791696961447397
feature47: -0.017734268950375002
feature104: -0.017728051732766075
feature20: 0.017620753794552513
feature56: 0.01664841488444679
feature103: -0.01664473556165411
feature87: -0.01621706653560146
feature54: 0.015419088411449698
feature78: 0.015113583740624697
feature18: -0.014955726073950272
feature40: -0.014786338483473566
feature17: -0.014457542120664219
feature70: -0.014225615618725781
feature28: -0.013813665592297514
feature12: -0.012792906661526536
feature0: -0.012667800330934923
feature42: -0.012592721120391283
feature101: -0.012232635116788227
feature106: -0.012108873860212394
feature93: 0.011895253530229495
feature94: -0.011212650788469166
feature34: -0.010973416520129311
feature48: -0.01081381656410692
feature1: 0.010035748367959398
feature63: -0.00996020935633518
feature45: -0.009458430429878305
feature37: 0.009421107625613571
feature71: -0.009339967068831558
feature50: -0.009295222092900852
feature43: -0.009040460727951333
feature9: -0.008514825119002693
feature53: -0.008382463371354017
feature8: -0.008170037833402692
feature85: -0.007370414581673923
feature96: -0.00723385254020306
feature69: -0.006622062011570727
feature80: 0.006528102780601109
feature92: 0.006513438311504538
feature65: -0.006149351558544439
feature62: -0.004848032317096337
feature89: 0.004565797594816813
feature21: -0.004021021493556273
feature75: 0.0034157896767299674
feature4: -0.0033810311513808753
feature2: 0.0029727916091973985
feature26: -0.002875173384016819
feature68: -0.0023496895673943757
feature83: 0.00216100398377601
feature102: 0.0013146883240175555
feature99: -0.0008294963322195865
feature39: 0.0006730479650834652
feature51: -0.0005649325926927188
feature60: -0.0003011118767479228
feature7: -0.00017551022752556412
feature57: nan
feature77: nan
feature100: nan
